6.891
6.740
6.702
6.735
6.773
6.694
6.780
6.773
6.645
6.727
6.772
6.741
6.688
6.770
6.736
6.596
6.814
6.772
6.697
6.717
6.764
6.660
6.769
6.754
6.704
6.675
6.737
6.767
6.650
6.747
6.736
6.823
6.801
6.750
6.712
6.772
6.739
6.662
6.848
6.748
6.840
6.646
6.773
6.689
6.695
6.723
6.735
6.691
6.737
6.710
6.657
6.761
6.847
4.246
3.083
3.083
3.104
3.106
3.111
3.044
3.095
3.102
3.112
3.068
3.096
3.096
3.108
3.084
3.056
3.098
3.122
3.067
3.137
3.113
3.100
3.108
3.110
3.113
3.118
3.079
3.063
3.122
3.127
3.095
3.052
3.121
3.071
3.130
3.060
3.083
3.085
3.077
3.117
3.094
3.099
3.097
3.097
3.037
3.100
3.081
3.137
3.109
3.045
3.098
3.081
3.102
3.048
3.092
3.099
3.102
3.039
3.065
3.092
3.059
3.044
3.108
3.096
3.070
3.092
3.030
3.061
3.114
3.099
3.045
3.112
3.105
3.062
3.048
3.077
3.099
3.127
3.083
3.059
3.079
3.088
3.074
3.078
3.073
3.093
3.049
3.048
3.078
3.092
3.063
3.064
3.054
3.072
3.082
3.104
3.170
3.147
3.089
3.161
3.124
3.572
3.127
3.193
3.173
3.153
3.163
3.138
3.153
3.146
3.157
3.107
3.170
3.123
3.109
3.109
3.120
3.134
3.072
3.143
3.318
3.105
3.102
3.080
3.133
3.121
3.084
3.062
3.082
3.080
3.070
3.092
3.045
3.102
3.082
3.118
3.053
3.103
3.090
3.147
3.059
3.102
3.088
3.123
3.034
3.085
3.090
3.107
3.075
3.041
3.054
3.104
3.089
3.066
3.062
3.139
3.072
3.067
3.062
3.137
3.070
3.083
3.098
3.128
3.079
3.073
3.172
3.123
3.081
3.381
3.247
3.137
3.127
3.110
3.090
3.131
3.060
3.098
3.114
3.094
3.105
3.034
3.108
3.110
3.100
3.083
3.043
3.071
3.094
3.092
3.021
3.119
3.071
3.074
3.033
3.106
3.082
3.108
3.033
3.043
3.088
3.092
3.044
3.095
3.086
3.099
3.039
3.048
3.072
3.077
3.090
3.042
3.116
3.069
3.073
3.068
3.151
3.075
3.064
3.061
3.046
3.078
3.106
3.098
3.062
3.102
3.105
3.095
3.066
3.100
3.090
3.112
3.090
3.045
3.085
3.088
3.096
3.037
3.088
3.106
3.128
3.064
3.084
3.085
3.103
3.079
3.033
3.083
3.170
3.075
3.037
3.081
3.070
3.078
3.042
3.081
3.130
3.083
3.012
3.072
3.096
3.077
3.062
3.047
3.071
3.074
3.089
3.047
3.067
3.099
3.097
3.053
3.086
3.072
3.081
3.090
3.083
3.119
3.081
3.078
3.036
3.085
3.057
3.110
3.038
3.078
3.083
3.088
3.082
3.061
3.046
3.092
3.078
3.059
3.054
3.098
3.092
3.139
3.080
3.122
3.102
3.084
3.087
3.531
3.079
3.031
3.078
3.087
3.065
3.088
3.017
3.090
3.102
3.104
3.025
3.093
3.073
3.109
3.004
3.116
3.091
3.114
3.039
3.066
3.090
3.089
3.081
3.044
3.071
3.091
3.073
3.021
3.077
3.068
3.060
3.090
3.024
3.091
3.060
3.085
3.190
3.281
3.084
3.130
3.085
3.168
3.131
3.151
3.041
3.113
3.099
3.130
3.097
3.118
3.066
3.126
3.240
3.099
3.101
3.100
3.046
3.096
3.093
3.085
3.051
3.075
3.119
3.075
3.097
3.063
3.075
3.092
3.067
3.056
3.091
3.088
3.099
3.085
3.069
3.081
3.107
3.077
3.069
3.084
3.121
3.109
3.076
3.084
3.103
3.102
3.045
3.094
3.105
3.066
3.028
3.046
3.094
3.096
3.095
3.055
3.113
3.099
3.081
3.045
3.498
3.086
3.106
3.043
3.101
3.104
3.050
3.034
3.089
3.070
3.064
3.090
3.034
3.078
3.081
3.123
3.046
3.098
3.076
3.073
3.033
3.089
3.091
3.090
3.094
3.047
3.057
3.140
3.083
3.064
3.060
3.076
3.104
3.035
3.056
3.107
3.091
3.106
3.029
3.064
3.124
3.138
3.028
3.105
3.104
3.081
3.014
3.089
3.099
3.143
3.040
3.103
3.066
3.108
3.076
3.073
3.098
3.106
3.091
3.067
3.068
3.113
3.066
3.069
3.074
3.099
3.080
3.083
3.037
3.064
3.065
3.091
3.033
3.068
3.094
3.070
3.054
3.074
3.069
3.077
3.089
3.070
3.083
3.094
3.068
3.031
3.065
3.101
3.091
3.081
3.075
3.069
3.096
3.097
3.047
3.063
3.102
3.079
3.033
3.083
3.086
3.087
3.047
3.070
3.081
3.080
3.044
3.101
3.085
3.083
3.057
3.090
3.084
3.099
3.049
3.042
3.096
3.080
3.093
3.040
3.094
3.144
3.118
3.057
3.116
3.107
3.079
3.107
3.123
3.093
3.099
3.062
3.037
3.063
3.071
3.090
3.043
3.079
3.072
3.112
3.083
3.098
3.061
3.085
3.047
3.015
3.063
3.077
3.079
3.014
3.073
3.092
3.073
3.091
3.018
3.245
3.081
3.105
3.035
3.064
3.090
3.122
3.032
3.097
3.076
3.064
3.056
3.074
3.078
3.072
3.196
3.066
3.120
3.073
3.068
3.181
3.159
3.144
3.086
3.093
3.163
3.149
3.085
3.094
3.085
3.117
3.092
3.069
3.080
3.127
3.065
3.128
3.045
3.098
3.031
3.124
3.044
3.134
3.066
3.121
3.024
3.122
3.082
3.152
3.036
3.119
3.126
3.153
3.019
3.099
3.057
3.124
3.116
3.066
3.097
3.092
3.092
3.048
3.063
3.102
3.094
3.055
3.078
3.093
3.091
3.085
3.030
3.107
3.081
3.103
3.022
3.048
3.089
3.091
3.069
3.101
3.089
3.066
3.075
3.046
3.058
3.102
3.112
3.044
3.104
3.085
3.061
3.062
3.091
3.089
3.089
3.087
3.060
3.119
3.094
3.082
3.024
3.082
3.065
3.075
3.055
3.084
3.095
3.060
3.098
3.044
3.080
3.098
3.113
3.042
3.081
3.090
3.088
3.076
3.123
3.075
3.094
3.041
3.096
3.079
3.120
3.106
3.043
3.093
3.077
3.095
3.031
3.096
3.094
3.112
3.039
3.085
3.100
3.084
3.071
3.100
3.082
3.080
3.109
3.104
3.078
3.074
3.032
3.069
3.508
3.100
3.076
3.019
3.058
3.120
3.060
3.054
3.082
3.095
3.091
3.129
3.024
3.093
3.068
3.089
3.041
3.088
3.055
3.089
3.045
3.113
3.061
3.092
3.102
3.063
3.061
3.096
3.091
3.049
3.096
3.094
3.067
3.092
3.077
3.097
3.085
3.100
3.038
3.102
3.074
3.101
3.000
3.126
3.084
3.106
3.027
3.071
3.090
3.110
3.011
3.103
3.076
3.089
3.070
3.086
3.072
3.093
3.076
3.029
3.107
3.104
3.073
3.034
3.064
3.088
3.080
3.149
3.082
3.091
3.076
3.089
3.033
3.090
3.066
3.113
3.044
3.055
3.089
3.083
3.048
3.027
3.103
3.138
3.063
3.198
3.127
3.157
3.144
3.507
3.308
3.136
3.168
3.154
3.078
3.148
3.101
3.122
3.111
3.082
3.058
3.470
3.085
3.145
3.035
3.118
3.043
3.122
3.058
3.089
3.070
3.094
3.124
3.117
3.075
3.063
3.089
3.009
3.119
3.100
3.135
3.037
3.042
3.126
3.091
3.100
3.075
3.119
3.067
3.108
3.033
3.091
3.086
3.113
3.057
3.090
3.094
3.097
3.058
3.061
3.100
3.118
3.033
3.110
3.134
3.088
3.095
3.075
3.124
3.120
3.068
3.051
3.107
3.292
3.115
3.135
3.190
3.147
3.143
3.132
3.140
3.120
3.153
3.295
3.225
3.125
3.075
3.136
3.143
3.079
3.147
3.173
3.125
3.062
3.114
3.088
3.141
3.111
3.068
3.034
3.142
3.092
3.089
3.048
3.039
3.114
3.077
3.144
3.109
3.137
3.009
3.112
3.094
3.143
3.031
3.102
3.110
3.099
3.027
3.098
3.078
3.086
3.041
3.133
3.090
3.106
3.016
3.101
3.083
3.087
3.121
3.075
3.092
3.093
3.099
3.088
3.072
3.139
3.067
3.068
3.087
3.126
3.122
3.161
3.240
3.167
3.076
3.308
3.156
3.121
3.120
3.152
3.184
3.100
3.206
3.268
3.124
3.206
3.214
3.287
3.279
3.259
3.136
3.210
3.054
3.073
3.117
3.095
3.092
3.087
3.073
3.093
3.095
3.087
3.196
3.144
3.093
3.102
3.033
3.090
3.105
3.101
3.029
3.093
3.103
3.077
3.045
3.066
3.083
3.087
3.076
3.066
3.096
3.110
3.095
3.059
3.090
3.127
3.067
3.040
3.099
3.096
3.172
3.082
3.089
3.086
3.056
3.108
3.065
3.100
3.108
3.119
3.042
3.103
3.109
3.121
3.056
3.089
3.095
3.080
3.054
3.142
3.511
3.086
3.044
3.074
3.125
3.144
3.046
3.124
3.081
3.084
3.082
3.038
3.070
3.104
3.099
3.012
3.099
3.100
3.100
3.010
3.121
3.088
3.095
3.120
3.077
3.118
3.086
3.117
3.070
3.131
3.087
3.131
3.042
3.117
3.108
3.097
3.032
3.086
3.119
3.077
3.048
3.101
3.079
3.096
3.095
3.056
3.085
3.076
3.128
3.038
3.098
3.077
3.080
3.054
3.106
3.094
3.088
3.064
3.097
3.089
3.095
3.071
3.028
3.082
3.082
3.120
3.061
3.086
3.084
3.067
3.025
3.095
3.122
3.104
3.018
3.133
3.047
3.072
3.081
3.057
3.059
3.068
3.033
3.057
3.079
3.103
3.148
3.119
3.075
3.103
3.118
3.092
3.053
3.089
3.102
3.109
3.046
3.192
3.075
3.068
3.048
3.526
3.097
3.092
3.024
3.076
3.169
3.110
3.082
3.121
3.106
3.121
3.038
3.140
3.147
3.192
3.055
3.150
3.157
3.092
3.103
3.166
3.159
3.264
3.117
3.163
3.072
3.139
3.087
3.166
3.092
3.158
3.087
3.156
3.098
3.091
3.026
3.097
3.098
3.140
3.053
3.107
3.079
3.091
3.073
3.047
3.099
3.122
3.097
3.100
3.073
3.101
3.094
3.062
3.243
3.125
3.074
3.045
3.111
3.113
3.065
3.098
3.035
3.114
3.070
3.117
3.064
3.077
3.068
3.073
3.064
3.088
3.058
3.130
3.133
3.158
3.172
3.076
3.088
3.120
3.103
3.082
3.130
3.099
3.126
3.110
3.086
3.095
3.098
3.100
3.075
3.043
3.082
3.135
3.094
3.058
3.088
3.085
3.117
3.076
3.106
3.102
3.123
3.027
3.085
3.130
3.092
3.009
3.091
3.092
3.103
3.082
3.089
3.096
3.165
3.071
3.021
3.065
3.098
3.117
3.112
3.131
3.143
3.127
3.041
3.095
3.118
3.093
3.064
3.133
3.099
3.061
3.095
3.074
3.126
3.120
3.098
3.056
3.070
3.096
3.064
3.052
3.118
3.122
3.101
3.088
3.065
3.120
3.098
3.105
3.069
3.061
3.051
3.081
3.044
3.100
3.092
3.101
3.046
3.075
3.093
3.099
3.073
3.049
3.062
3.098
3.086
3.041
3.076
3.105
3.069
3.027
3.057
3.107
3.115
3.082
3.061
3.105
3.121
3.103
3.053
3.111
3.116
3.125
3.087
3.118
3.084
3.109
3.014
3.119
3.087
3.092
3.078
3.040
3.098
3.074
3.097
3.040
3.077
3.108
3.103
3.054
3.088
3.521
3.045
3.061
3.066
3.146
3.098
3.083
3.047
3.085
3.074
3.129
3.063
3.108
3.100
3.099
3.061
3.097
3.119
3.088
3.047
3.107
3.055
3.072
3.074
3.040
3.154
3.051
3.121
3.064
3.094
3.125
3.070
3.044
3.092
3.095
3.095
3.048
3.028
3.068
3.067
3.095
2.986
3.093
3.077
3.068
3.031
3.099
3.139
3.138
3.067
3.092
3.110
3.109
3.330
3.178
3.202
3.253
3.087
3.250
3.261
3.128
3.095
3.154
3.180
3.172
3.108
3.172
3.084
3.153
3.082
3.150
3.094
3.069
3.010
3.106
3.116
3.095
3.042
3.104
3.078
3.084
3.010
3.046
3.116
3.108
3.098
3.057
3.095
3.118
3.085
3.062
3.060
3.090
3.046
3.052
3.095
3.095
3.061
3.073
3.087
3.101
3.512
3.136
3.055
3.087
3.062
3.083
3.057
3.083
3.069
3.081
3.061
3.068
3.087
3.103
3.094
3.045
3.095
3.096
3.101
3.054
3.076
3.073
3.096
3.055
3.053
3.138
3.086
3.065
3.087
3.083
3.092
3.107
3.052
3.088
3.114
3.127
3.074
3.092
3.063
3.077
3.057
3.140
3.062
3.080
3.047
3.086
3.072
3.100
3.099
3.062
3.069
3.082
3.066
3.074
3.083
3.120
3.076
3.035
3.100
3.067
3.067
3.092
3.037
3.084
3.050
3.093
3.031
3.086
3.131
3.110
3.116
3.079
3.059
3.110
3.093
3.065
3.078
3.095
3.092
3.021
3.077
3.069
3.081
3.075
3.056
3.113
3.083
3.106
3.022
3.103
3.072
3.089
3.045
3.078
3.086
3.098
3.044
3.106
3.173
3.108
3.071
3.513
3.058
3.093
3.052
3.088
3.059
3.097
3.064
3.046
3.075
3.043
3.075
3.058
3.063
3.089
3.090
3.024
3.036
3.050
3.051
3.100
3.070
3.102
3.034
3.085
3.091
3.063
3.084
3.086
3.043
3.086
3.072
3.082
3.125
3.103
3.066
3.086
3.087
3.045
3.078
3.107
3.108
3.044
3.069
3.068
3.072
3.075
3.037
3.094
3.083
3.074
3.047
3.085
3.090
3.078
3.043
3.080
3.089
3.094
3.064
3.047
3.083
3.081
3.048
3.065
3.064
3.092
3.055
3.055
3.084
3.111
3.066
3.085
3.087
3.082
3.074
3.099
3.029
3.074
3.058
3.093
3.069
3.095
3.072
3.117
3.075
3.099
3.092
3.124
3.076
3.096
3.056
3.107
3.084
3.050
3.091
3.111
3.055
3.061
3.090
3.077
3.109
3.078
3.090
3.082
3.063
3.080
3.027
3.115
3.097
3.084
3.012
3.114
3.095
3.092
3.010
3.091
3.086
3.094
3.031
3.151
3.103
3.094
3.095
3.056
3.073
3.093
3.121
3.062
3.060
3.108
3.107
3.054
3.080
3.094
3.079
3.095
3.049
3.077
3.063
3.084
3.044
3.084
3.111
3.072
3.029
3.079
3.083
3.101
3.071
3.053
3.105
3.080
3.083
3.019
3.075
3.084
3.071
3.012
3.077
3.068
3.092
3.072
3.027
3.070
3.090
3.093
3.062
3.077
3.088
3.066
3.045
3.075
3.061
3.097
3.084
3.036
3.088
3.102
3.092
3.074
3.138
3.081
3.091
3.080
3.086
3.104
3.061
3.067
3.053
3.107
3.081
3.108
3.029
3.102
3.043
3.123
3.055
3.098
3.050
3.090
3.075
3.053
3.465
3.105
3.068
3.017
3.059
3.089
3.081
3.061
3.080
3.097
3.085
3.050
3.117
3.060
3.107
3.102
3.025
3.103
3.094
3.108
3.032
3.098
3.093
3.106
3.024
3.145
3.100
3.093
3.032
3.021
3.094
3.089
3.066
3.048
3.062
3.072
3.079
3.051
3.080
3.069
3.081
3.086
3.031
3.084
3.079
3.084
3.037
3.083
3.080
3.117
3.065
3.102
3.081
3.066
3.032
3.090
3.059
3.075
3.119
3.068
3.074
3.096
3.092
3.046
3.050
3.080
3.088
3.032
3.065
3.057
3.071
3.060
3.049
3.064
3.079
3.079
3.079
3.072
3.093
3.082
3.036
3.138
3.067
3.079
3.080
3.062
3.079
3.076
3.108
3.034
3.099
3.116
3.078
3.115
3.139
3.085
3.142
3.461
3.097
3.121
3.125
3.514
3.150
3.080
3.153
3.137
3.122
3.117
3.117
3.084
3.136
3.061
3.107
3.069
3.069
3.086
3.125
3.053
3.074
3.081
3.122
3.116
3.067
3.074
3.098
3.100
3.044
3.072
3.093
3.085
3.045
3.076
3.068
3.083
3.087
3.035
3.084
3.073
3.071
3.031
3.125
3.104
3.061
3.028
3.080
3.093
3.072
3.104
3.041
3.098
3.080
3.070
3.038
3.115
3.109
3.116
3.025
3.093
3.094
3.117
3.066
3.166
3.058
3.064
3.060
3.049
3.176
3.232
3.205
3.207
3.283
3.204
3.293
3.136
3.114
3.286
3.400
3.179
3.053
3.152
3.146
3.111
3.093
3.143
3.062
3.116
3.082
3.124
3.045
3.103
3.085
3.061
3.075
3.104
3.093
3.053
3.068
3.124
3.113
3.126
3.089
3.075
3.075
3.032
3.070
3.072
3.068
3.126
3.106
3.066
3.060
3.086
3.010
3.094
3.092
3.076
3.019
3.093
3.113
3.097
3.032
3.125
3.085
3.118
3.100
3.059
3.066
3.112
3.110
3.045
3.082
3.146
3.118
3.070
3.077
3.172
3.547
3.235
3.189
3.189
3.171
3.242
3.325
3.169
3.226
3.263
3.170
3.189
3.195
3.151
3.089
3.166
3.122
3.486
3.169
3.183
3.262
3.132
3.087
3.143
3.124
3.138
3.093
3.081
3.086
3.122
3.081
3.115
3.071
3.099
3.052
3.083
3.062
3.085
3.077
3.051
3.084
3.151
3.037
3.055
3.057
3.116
3.156
3.095
3.098
3.076
3.094
3.090
3.052
3.095
3.100
3.082
3.051
3.052
3.093
3.079
3.014
3.109
3.061
3.085
3.100
3.022
5.743
6.729
6.689
6.663
6.664
6.709
6.636
6.739
6.785
6.685
6.680
6.704
6.707
6.782
6.737
6.719
6.665
6.719
6.729
6.692
6.734
6.727
6.633
6.714
6.720
6.719
6.685
6.743
6.722
6.752
6.689
6.675
6.668
6.693
6.597
6.751
6.809
6.737
6.577
6.708
6.769
6.603
6.812
6.731
6.739
6.737
6.690
3.059
3.089
3.119
3.070
3.070
3.036
3.076
3.067
3.081
3.042
3.089
3.052
3.070
3.067
3.095
3.120
3.178
3.117
3.039
3.150
3.123
3.079
3.115
3.874
3.051
3.223
3.246
3.169
3.098
3.152
3.178
3.530
3.086
3.181
3.197
3.208
3.177
3.179
3.081
3.126
3.099
3.124
3.085
3.163
3.060
3.100
3.094
3.105
3.039
3.107
3.128
3.095
3.105
3.128
3.083
3.085
3.044
3.124
3.097
3.075
3.079
3.035
3.081
3.074
3.114
3.049
3.077
3.088
3.090
3.022
3.097
3.079
3.093
3.080
3.027
3.112
3.111
3.076
3.037
3.073
3.122
3.112
3.033
3.062
3.167
3.074
3.078
3.029
3.197
3.102
3.183
3.215
3.129
3.083
3.163
3.076
3.131
3.085
3.170
3.031
5.626
6.646
6.741
6.590
6.769
6.678
6.613
6.724
6.767
6.678
6.783
6.680
6.715
6.712
6.731
6.613
6.786
6.750
6.729
6.748
6.756
6.761
6.711
6.911
6.725
6.658
6.717
6.718
6.621
6.734
6.749
6.576
6.696
6.743
6.695
6.648
6.785
6.661
6.659
6.710
6.730
6.628
6.665
6.656
6.689
6.736
6.741
3.026
3.067
3.067
3.076
3.102
3.083
3.083
3.096
3.083
3.016
3.156
3.108
3.078
3.059
3.019
3.087
3.071
3.104
3.059
3.153
3.051
3.085
3.062
3.089
3.107
3.092
3.053
3.059
3.047
3.069
3.138
3.070
3.099
3.083
3.103
3.045
3.077
3.090
3.082
3.035
3.111
3.103
3.111
3.075
3.072
3.103
3.114
3.098
3.049
3.093
3.050
3.071
3.008
3.294
3.056
3.074
3.085
3.055
3.063
3.091
3.073
3.028
3.077
3.120
3.073
3.057
3.140
3.147
3.079
3.078
3.156
3.119
3.079
3.044
3.108
3.071
3.110
3.078
3.040
3.075
3.081
3.079
3.047
3.119
3.050
3.073
3.030
3.101
3.072
3.087
3.053
3.072
3.049
3.064
3.072
3.076
3.050
3.113
3.052
3.090
3.026
3.459
3.067
3.109
3.023
3.094
3.076
3.104
3.027
3.121
3.080
3.104
3.028
3.117
3.073
3.129
3.004
3.098
3.069
3.100
3.084
3.044
3.077
3.085
3.061
3.027
3.068
3.107
3.083
3.023
3.076
3.080
3.082
3.091
3.036
3.104
3.074
3.081
3.018
3.073
3.057
3.073
3.031
3.074
3.103
3.051
3.075
3.038
3.069
3.072
3.085
3.018
3.077
3.091
3.105
3.063
3.019
3.058
3.076
3.076
3.017
3.085
3.092
3.076
3.082
3.097
3.075
3.077
3.081
3.028
3.061
3.052
3.097
3.044
3.083
3.050
3.099
3.046
3.071
3.068
3.082
3.076
3.044
3.073
3.084
3.076
3.028
3.070
3.046
3.089
3.057
3.032
3.041
3.090
3.074
3.045
3.080
3.088
3.064
3.087
3.029
3.098
3.098
3.066
3.004
3.101
3.083
3.070
3.017
3.082
3.093
3.101
3.012
3.168
3.053
3.053
3.055
3.055
3.067
3.126
3.064
3.056
3.102
3.081
3.064
3.078
3.011
3.096
3.078
3.124
3.024
3.123
3.048
3.084
3.047
3.072
3.095
3.092
3.065
3.042
3.066
3.082
3.061
3.061
3.067
3.087
3.070
3.068
3.076
3.100
3.056
3.098
3.022
3.092
3.087
3.066
3.090
3.068
3.047
3.138
3.023
3.063
3.100
3.073
3.060
3.027
3.076
3.119
3.071
3.031
3.081
3.093
3.048
3.012
3.075
3.070
3.070
3.050
3.007
3.088
3.107
3.079
3.032
3.059
3.051
3.067
3.072
3.029
3.082
3.094
3.098
3.010
3.074
3.090
3.128
3.123
3.087
3.085
3.068
3.099
3.172
3.163
3.050
3.040
5.071
6.690
6.680
6.744
6.674
6.623
6.678
6.672
6.588
6.678
6.670
6.654
6.769
6.734
6.633
6.692
6.740
6.629
6.668
6.741
6.613
6.766
6.698
6.733
6.644
6.721
6.698
6.703
6.740
6.738
6.650
6.720
6.674
6.710
6.696
6.728
6.584
6.676
6.697
6.665
6.767
6.740
6.619
6.707
6.669
6.650
6.733
3.708
3.060
3.054
3.047
3.089
3.053
3.031
3.054
3.119
3.037
3.066
3.070
3.098
3.046
3.087
3.023
3.071
3.076
3.082
3.022
3.084
3.072
3.086
3.076
3.055
3.069
3.074
3.068
3.046
3.050
3.084
3.076
3.023
3.088
3.082
3.066
3.061
3.041
3.088
3.063
3.087
2.995
3.070
3.063
3.077
3.073
3.024
3.069
3.069
3.103
3.053
3.097
3.063
3.085
3.154
3.064
3.091
3.053
3.069
3.037
3.065
3.046
3.101
3.067
3.059
3.053
3.079
3.082
3.060
3.032
3.071
3.094
3.020
3.060
3.090
3.084
3.062
3.036
3.075
3.071
3.081
3.088
3.083
3.067
3.069
3.016
3.079
3.095
3.076
3.022
3.037
3.078
3.082
3.062
3.033
3.069
3.072
3.068
3.073
3.038
3.104
3.065
3.030
3.046
3.106
3.044
3.155
3.008
3.093
3.074
3.102
3.034
3.139
3.142
3.073
3.070
3.120
3.360
3.052
3.057
3.121
3.067
3.095
3.112
3.147
3.109
3.081
3.113
3.146
3.048
3.111
3.058
3.049
3.049
3.084
3.045
3.067
3.060
3.040
3.080
3.063
3.016
3.082
3.072
3.090
2.993
3.077
3.079
3.082
3.043
3.043
3.065
3.079
3.040
3.038
3.059
3.055
3.068
3.106
3.038
3.060
3.056
3.080
3.035
3.089
3.071
3.093
3.065
3.006
3.077
3.092
3.087
3.057
3.105
3.953
3.287
3.081
3.062
3.092
3.090
4.340
3.147
3.227
3.233
3.185
3.189
3.275
3.173
3.125
3.124
3.237
3.148
3.120
3.115
3.086
3.024
3.085
3.085
3.084
3.061
3.084
3.098
3.813
3.438
3.511
3.452
3.469
3.461
3.443
3.503
3.477
3.500
3.473
3.422
3.499
3.509
3.500
3.427
3.468
3.500
3.480
3.397
3.479
3.460
3.518
3.492
3.431
3.523
3.456
3.472
3.496
3.424
3.468
3.464
3.470
3.500
3.432
3.477
3.471
3.479
3.522
3.441
3.504
3.506
3.445
3.439
3.866
3.490
3.476
3.504
3.533
3.492
3.482
3.494
3.465
4.389
3.496
3.489
3.461
3.485
3.466
3.403
3.477
3.469
3.528
3.459
3.455
3.459
3.500
3.423
3.559
3.449
3.491
3.494
3.479
3.495
3.507
3.469
3.495
3.456
3.483
3.440
3.525
3.451
3.516
3.456
3.553
3.460
3.491
3.456
3.514
4.134
6.696
6.720
6.656
6.720
6.752
6.653
6.747
6.733
6.729
6.602
6.752
6.828
6.742
6.747
6.859
6.708
6.707
6.718
6.697
6.676
6.715
6.606
6.674
6.969
6.680
6.681
6.761
6.729
6.691
6.704
6.690
6.713
6.749
7.183
6.671
6.683
6.731
6.582
6.687
6.713
6.635
6.678
6.719
6.716
6.705
6.683
4.421
3.067
3.036
3.039
3.105
3.074
3.059
3.063
3.091
3.077
3.094
3.029
3.102
3.056
3.110
3.031
3.099
3.086
3.092
3.017
3.101
3.066
3.112
3.057
3.070
3.056
3.104
3.112
3.069
3.070
3.108
3.087
3.104
3.230
3.144
3.240
3.271
3.169
3.180
3.209
3.174
3.153
3.114
3.144
3.378
3.162
3.106
3.088
3.083
3.072
3.106
3.097
3.071
3.294
3.081
3.081
3.048
3.118
3.110
3.055
3.073
3.099
3.105
3.091
3.086
3.095
3.077
3.041
3.124
3.068
3.056
3.088
3.125
3.034
3.081
3.075
3.145
3.052
3.066
3.107
3.098
3.102
3.075
3.065
3.088
3.074
3.044
3.051
3.088
3.068
3.037
3.072
3.117
3.052
3.081
3.067
3.124
3.076
3.092
3.050
3.072
6.622
6.722
6.607
6.847
6.648
6.677
6.700
7.014
6.630
6.797
6.779
6.682
6.796
6.742
6.697
6.749
6.699
6.612
6.804
6.790
6.705
6.735
6.757
6.648
6.681
6.696
6.757
6.682
6.709
6.644
6.644
6.689
6.709
6.680
6.670
6.807
6.641
6.737
6.756
6.631
6.745
6.743
6.664
6.710
6.706
6.677
6.961
3.095
3.091
3.097
3.045
3.050
3.070
3.095
3.086
3.045
3.085
3.097
3.108
3.015
3.119
3.090
3.045
3.073
3.052
3.065
3.136
3.097
3.048
3.105
3.063
3.071
3.035
3.072
3.081
3.129
3.035
3.055
3.049
3.069
3.076
3.046
3.072
3.141
3.100
3.025
3.078
3.093
3.071
3.077
3.028
3.085
3.080
3.111
3.018
3.114
3.064
3.083
3.033
3.097
3.272
3.103
3.038
3.042
3.099
3.099
3.070
3.050
3.068
3.111
3.060
3.028
3.084
3.066
3.091
3.064
3.028
3.072
3.104
3.123
3.110
3.067
3.111
3.155
3.029
3.103
3.150
3.089
3.081
3.136
3.073
3.089
3.089
3.116
3.088
3.070
3.083
3.077
3.132
3.104
3.063
3.025
3.058
3.089
3.086
3.025
3.072
3.055
3.066
3.031
3.082
3.091
3.062
3.102
3.040
3.042
3.092
3.075
3.021
3.076
3.100
3.079
3.011
3.088
3.070
3.076
3.102
3.076
3.102
3.097
3.103
3.043
3.102
3.120
3.083
3.063
3.091
3.091
3.101
3.098
3.058
3.104
3.072
3.086
3.054
3.090
3.104
3.101
3.027
3.094
3.049
3.079
3.088
3.080
3.079
3.080
3.077
3.062
3.055
3.090
3.103
3.036
3.098
3.100
3.067
3.062
3.051
3.079
3.111
3.078
3.011
3.099
3.049
3.098
3.019
3.100
3.082
3.107
3.002
3.092
3.090
3.119
3.042
3.091
3.056
3.110
3.083
3.038
3.038
3.088
3.077
3.067
3.090
3.098
3.096
3.097
3.033
3.080
3.043
3.100
3.032
3.096
3.059
3.097
3.038
3.085
3.077
3.101
3.048
3.456
3.292
3.070
3.008
3.095
3.042
3.088
3.095
3.038
3.079
3.118
3.079
3.040
3.043
3.132
3.103
3.057
3.054
3.092
3.072
3.043
3.096
3.090
3.084
3.069
3.032
3.078
3.065
3.088
3.035
3.075
3.076
3.085
3.026
3.105
3.072
3.091
3.116
3.053
3.098
3.076
3.052
3.046
3.059
3.090
3.086
3.038
3.091
3.084
3.064
3.105
3.083
3.087
3.085
3.312
3.061
3.045
3.094
3.118
3.029
3.026
3.089
3.049
3.115
3.018
3.079
3.073
3.067
3.039
3.079
3.089
3.126
3.045
3.054
3.075
3.091
3.030
3.124
3.119
3.108
3.111
3.011
3.105
3.111
3.069
3.030
3.102
3.085
3.100
3.027
3.080
3.091
3.073
3.049
3.044
3.091
3.094
3.161
3.066
3.067
3.076
3.076
3.092
3.110
3.084
3.092
3.058
3.073
3.099
3.073
3.110
3.138
3.147
3.056
3.109
3.110
3.083
3.083
3.112
3.053
3.111
3.047
3.082
3.036
3.122
3.112
3.119
3.022
3.090
3.088
3.096
3.071
3.071
3.088
3.103
3.087
3.061
3.081
3.102
3.105
3.055
3.058
3.088
3.060
3.098
3.026
3.089
3.070
3.097
3.017
3.071
3.095
3.109
3.066
3.043
3.072
3.089
3.060
3.025
3.060
3.085
3.054
3.033
3.088
3.053
3.072
3.062
3.056
3.059
3.114
3.087
3.093
3.067
3.319
3.101
3.057
3.105
3.085
3.136
3.054
3.134
3.099
3.114
3.048
3.135
3.092
3.132
3.074
3.056
3.073
3.094
3.096
3.020
3.098
3.085
3.070
3.037
3.099
3.097
3.095
3.067
3.081
3.108
6.772
6.737
6.633
6.805
6.719
6.706
6.663
6.725
6.677
6.744
6.732
6.733
6.678
6.807
6.673
6.689
6.731
6.696
6.663
6.800
6.722
6.702
6.779
6.726
6.756
6.688
6.700
6.719
6.695
6.724
6.689
6.657
6.739
6.750
6.600
6.775
6.721
6.676
6.676
6.748
6.670
6.722
6.685
6.779
6.666
6.759
6.165
3.068
3.079
3.094
3.045
3.063
3.084
3.082
3.076
3.110
3.092
3.120
3.081
3.045
3.073
3.076
3.109
3.059
3.064
3.131
3.089
3.064
3.075
3.155
3.088
3.121
3.087
3.184
3.124
3.060
3.091
3.155
3.074
3.110
3.037
3.059
3.077
3.066
3.053
3.101
3.046
3.090
3.059
3.081
3.071
3.099
3.068
3.065
3.068
3.108
3.088
3.090
3.072
3.099
3.084
3.057
3.118
3.110
3.070
3.036
3.033
3.073
3.101
3.104
3.028
3.088
3.061
3.107
3.033
3.105
3.085
3.127
3.032
3.113
3.067
3.126
3.040
3.088
3.083
3.083
3.076
3.025
3.078
3.089
3.064
3.074
3.118
3.114
3.020
3.164
3.220
3.161
3.198
3.266
3.223
3.133
3.135
3.277
3.138
3.174
3.124
3.551
3.214
3.115
3.171
3.138
3.156
3.062
3.131
3.098
3.110
3.083
3.096
3.112
3.098
3.094
3.073
3.114
3.093
3.084
3.119
3.140
3.088
3.066
3.127
3.075
3.077
3.113
3.095
3.130
3.097
3.113
3.055
3.120
3.059
3.121
3.051
3.092
3.069
3.094
3.029
3.097
3.108
3.074
3.032
3.126
3.092
3.122
3.081
3.064
3.070
3.112
3.079
3.086
3.147
3.117
3.128
3.109
3.079
3.099
3.083
3.209
3.224
3.246
3.187
3.202
3.142
3.131
3.131
3.194
3.207
3.125
3.177
3.272
3.244
3.257
3.092
3.207
3.118
3.321
3.172
3.253
3.128
3.121
3.156
3.104
3.124
3.090
3.092
3.108
3.093
3.077
3.102
3.127
3.087
3.112
3.065
3.122
3.089
3.090
3.022
3.531
3.108
3.063
3.102
3.095
3.085
3.084
3.031
3.082
3.057
3.120
3.042
3.106
3.111
3.096
3.030
3.068
3.092
3.248
3.067
3.075
3.070
3.099
3.079
3.071
3.082
3.110
3.081
3.103
3.091
3.080
3.095
3.086
3.056
3.096
3.092
3.111
3.037
3.101
3.073
3.098
3.030
3.076
3.075
3.099
3.058
3.086
3.056
3.111
3.065
3.042
3.062
3.109
3.109
3.068
3.059
3.106
3.056
3.067
3.078
3.073
3.074
3.106
3.088
3.105
3.112
3.079
3.050
3.095
3.081
3.085
3.066
3.098
3.088
3.090
3.034
3.108
3.094
3.074
3.038
3.037
3.095
3.090
3.095
3.043
3.066
3.087
3.088
3.034
3.118
3.082
3.079
3.063
3.095
3.105
3.077
3.076
3.038
3.096
3.087
3.093
3.448
3.092
3.087
3.130
3.043
3.073
3.046
3.108
3.064
3.082
3.067
3.100
3.096
3.049
3.063
3.119
3.072
3.055
3.060
3.098
3.132
3.067
3.086
3.078
3.088
3.078
3.039
3.086
3.132
3.081
3.029
3.072
3.079
3.096
3.030
3.091
3.078
3.078
3.048
3.142
3.116
3.149
3.109
3.061
3.078
3.082
3.109
3.128
3.165
3.116
3.356
3.208
3.207
3.084
3.330
3.252
3.247
3.089
3.117
3.154
3.130
3.225
3.066
3.144
3.114
3.122
3.079
3.155
3.131
3.091
3.051
3.130
3.065
3.114
3.069
3.071
3.066
3.092
3.077
3.089
3.067
3.131
3.093
3.087
3.119
3.140
3.066
3.062
3.073
3.085
3.069
3.088
3.062
3.082
3.088
3.098
3.063
3.098
3.118
3.086
3.038
3.495
3.052
3.141
3.016
3.091
3.089
3.100
3.122
3.117
3.075
3.081
3.078
3.154
3.074
3.103
3.089
3.056
3.049
3.076
3.082
3.050
3.084
3.072
3.065
3.084
3.075
3.090
3.080
3.124
3.015
3.070
3.118
3.107
3.032
3.115
3.112
3.078
3.022
3.089
3.065
3.129
3.093
3.032
3.118
3.070
3.093
3.028
3.076
3.088
3.070
3.035
3.093
3.090
3.073
3.277
3.029
3.078
3.076
3.134
3.026
3.101
3.074
3.092
3.050
3.088
3.101
3.100
3.056
3.112
3.086
3.094
3.090
3.048
3.065
3.085
3.091
3.157
3.099
3.115
3.121
3.046
3.102
3.109
3.150
3.086
3.065
3.104
3.074
3.090
3.047
3.063
3.068
3.066
3.052
3.157
3.080
3.078
3.011
3.091
3.056
3.103
3.554
3.132
3.061
3.113
3.051
3.098
3.131
3.095
3.048
3.035
3.066
3.131
3.061
3.053
3.108
3.111
3.036
3.086
3.089
3.102
3.119
3.045
3.103
3.112
3.076
3.133
3.028
3.089
3.088
3.125
3.041
3.075
3.061
3.087
3.033
3.108
3.077
3.120
3.066
3.074
3.054
3.122
3.083
3.083
3.068
3.105
3.059
3.102
3.081
3.109
3.078
3.042
3.088
3.114
3.259
3.070
3.088
3.113
3.111
3.090
3.021
3.119
3.062
3.089
3.036
3.078
3.098
3.118
3.033
3.059
3.079
3.075
3.071
3.087
3.086
3.085
3.068
3.046
3.111
3.114
3.087
3.055
3.055
3.085
3.084
3.068
3.044
3.106
3.070
3.223
3.138
3.097
3.072
3.159
3.204
3.200
3.110
3.371
3.202
3.148
3.105
3.505
3.111
3.112
3.135
3.109
3.126
3.113
3.071
3.064
3.081
3.129
3.060
3.055
3.078
3.083
3.085
3.058
3.075
3.074
3.154
3.067
3.027
3.101
3.068
3.087
3.047
3.152
3.088
3.085
3.030
3.096
3.073
3.061
3.054
3.037
3.091
3.097
3.123
3.058
3.107
3.110
3.066
3.046
3.077
3.071
3.090
3.103
3.062
3.116
3.096
3.103
3.024
3.114
3.101
3.100
3.022
3.095
3.067
3.083
3.033
3.095
3.076
3.073
3.097
3.088
3.072
3.094
3.082
3.062
3.084
3.118
3.086
3.044
3.072
3.051
3.121
3.072
3.029
3.084
3.100
3.091
3.052
3.079
3.120
3.099
3.043
3.085
3.102
3.090
3.086
3.040
3.063
3.137
3.091
3.041
3.061
3.069
3.096
3.045
3.053
3.091
3.104
3.055
3.065
3.095
3.079
3.082
3.045
3.101
3.080
3.098
3.034
3.087
3.062
3.096
3.014
3.090
3.055
3.061
3.048
3.063
3.148
3.095
3.098
3.113
3.121
3.112
3.117
3.056
3.060
3.114
3.072
3.096
3.097
3.092
3.052
3.047
3.061
3.056
3.070
3.089
3.039
3.119
3.087
3.110
3.022
3.092
3.060
3.105
3.045
3.092
3.058
3.085
3.076
3.098
3.102
3.101
3.100
3.048
3.062
3.112
3.088
3.074
3.048
3.100
3.077
3.057
3.049
3.082
3.058
3.083
3.022
3.067
3.067
3.113
3.028
3.101
3.081
3.097
3.049
3.088
3.129
3.084
3.065
3.033
3.133
3.094
3.070
3.071
3.121
3.076
3.072
3.029
3.063
3.070
3.080
3.093
3.021
3.052
3.100
3.099
3.062
3.071
3.474
3.087
3.035
3.084
3.070
3.079
3.061
3.081
3.092
3.093
3.102
3.056
3.051
3.095
3.108
3.045
3.072
3.236
3.259
3.120
3.327
3.119
3.242
3.127
3.138
3.113
3.038
3.105
3.123
3.081
3.065
3.107
3.108
3.096
3.062
3.096
3.071
3.079
3.089
3.014
3.098
3.104
3.118
3.035
3.076
3.064
3.086
3.030
3.071
3.076
3.076
3.105
3.027
3.062
3.103
3.092
3.019
3.076
3.098
3.077
3.056
3.076
3.056
3.082
3.059
3.067
3.066
3.085
3.064
3.079
3.057
3.096
3.048
3.099
3.073
3.094
3.059
3.084
3.070
3.096
3.085
3.069
3.033
3.089
3.073
3.077
3.041
3.067
3.053
3.094
3.068
3.056
3.087
3.091
3.070
3.062
3.077
3.120
3.060
3.010
3.084
3.524
3.102
3.095
3.213
3.106
3.091
3.069
3.077
3.086
3.091
3.119
3.048
3.079
3.083
3.096
3.100
3.104
3.071
3.083
3.037
3.109
3.048
3.114
3.059
3.081
3.147
3.106
3.065
3.061
3.088
3.104
3.064
3.056
3.081
3.101
3.060
3.059
3.088
3.092
3.073
3.074
3.048
3.062
3.058
3.085
3.108
3.110
3.060
3.061
3.050
3.090
3.065
3.085
3.073
3.203
3.076
3.079
3.074
3.066
3.081
3.077
3.125
3.031
3.082
3.081
3.087
3.049
3.074
3.084
3.105
3.081
3.031
3.106
3.121
3.109
3.045
3.075
3.075
3.103
3.074
3.059
3.185
3.091
3.102
3.047
3.096
3.087
3.086
3.048
3.074
3.061
3.102
3.032
3.101
3.072
3.085
3.082
3.032
3.098
3.062
3.087
3.488
3.103
3.077
3.135
3.033
3.076
3.072
3.074
3.042
3.082
3.054
3.065
3.100
3.056
3.067
3.076
3.074
3.061
3.061
3.060
3.164
3.049
3.074
3.137
3.070
3.061
3.070
3.093
3.190
3.247
3.105
3.179
3.080
3.437
3.165
3.102
3.136
3.075
3.063
3.087
3.111
3.062
3.096
3.134
3.096
3.060
3.105
3.106
3.071
3.069
3.083
3.117
3.093
3.083
3.000
3.071
3.080
3.086
3.031
3.094
3.072
3.094
3.051
3.103
3.080
3.101
3.096
3.033
3.060
3.126
3.070
3.045
3.101
3.092
3.080
3.109
3.036
3.084
3.058
3.092
3.017
3.070
3.067
3.124
3.032
3.065
3.087
3.072
3.023
3.084
3.096
3.121
3.057
3.093
3.144
3.073
3.135
3.102
3.313
3.176
3.098
3.563
3.085
3.164
3.149
3.198
3.117
3.107
3.125
3.260
3.202
3.238
3.255
3.092
3.141
3.113
3.143
3.085
3.112
3.083
3.144
3.109
3.085
3.032
3.089
3.089
3.087
3.064
3.107
3.112
3.055
3.073
3.067
3.110
3.088
3.106
3.070
3.105
3.080
3.105
3.052
3.106
3.115
3.093
3.032
3.086
3.087
3.085
3.092
3.050
3.067
3.085
3.071
3.046
3.136
3.252
3.087
3.073
3.103
3.060
3.094
3.067
3.071
3.118
3.081
3.109
3.030
3.067
3.058
3.063
3.064
3.111
3.068
3.492
3.139
3.393
3.162
3.227
3.207
3.187
3.188
3.332
3.518
3.387
3.275
3.215
3.190
3.281
3.267
3.248
3.162
3.152
3.230
3.134
3.092
3.132
3.104
3.103
3.024
3.135
3.079
3.065
3.069
3.092
3.121
3.106
3.031
3.101
3.067
3.093
3.108
3.133
3.091
3.089
3.070
3.045
3.075
3.082
3.108
3.068
3.107
3.128
3.080
3.098
3.126
3.085
3.084
3.140
3.103
3.134
3.082
3.092
3.051
3.115
3.086
3.085
3.048
3.107
3.074
3.076
3.044
3.111
3.058
3.083
3.095
3.041
3.095
3.090
3.064
3.046
3.058
3.103
3.085
3.090
3.110
3.113
3.076
3.114
3.033
3.076
3.127
3.112
3.046
3.104
3.098
3.099
3.054
3.134
3.074
3.085
3.035
3.102
3.081
3.104
3.070
3.065
3.106
3.096
3.079
3.033
3.072
3.088
3.090
3.079
3.084
3.090
3.075
3.041
3.075
3.104
3.087
3.072
3.041
3.102
3.086
3.124
3.055
3.110
3.087
3.104
3.036
3.122
3.472
3.072
3.061
3.093
3.239
3.078
3.055
3.073
3.095
3.070
3.132
3.029
3.068
3.045
3.110
3.059
3.068
3.064
3.130
3.074
3.053
3.121
3.085
3.045
3.076
3.073
3.096
3.091
3.032
3.109
3.084
3.080
3.044
3.066
3.067
3.106
3.030
3.094
3.071
3.062
3.048
3.048
3.096
3.093
3.086
3.046
3.063
3.097
3.072
3.052
3.085
3.134
3.116
3.183
3.358
3.188
3.101
3.125
3.216
3.227
3.251
3.328
3.194
3.162
3.070
3.196
3.167
3.247
3.343
3.241
3.397
3.299
3.177
3.130
3.118
3.181
3.115
3.085
3.084
3.181
3.183
3.109
3.067
3.122
3.085
3.079
3.084
3.082
3.081
3.087
3.090
3.022
3.090
3.072
3.140
3.062
3.080
3.097
3.064
3.080
3.510
3.076
3.097
3.064
3.055
3.092
3.088
3.055
3.105
3.111
3.098
3.081
3.029
3.099
3.085
3.081
3.036
3.085
3.081
3.096
3.201
3.145
3.139
3.068
3.101
3.142
3.186
3.197
3.220
3.273
3.210
3.322
3.152
3.174
3.114
3.182
3.121
3.170
3.097
3.119
3.081
3.108
3.086
3.111
3.048
3.135
3.131
3.097
3.033
3.107
3.085
3.113
3.024
3.088
3.077
3.116
3.090
3.072
3.107
3.088
3.112
3.045
3.081
3.121
3.091
3.050
3.067
3.103
3.074
3.091
3.039
3.078
3.091
3.069
3.028
3.158
3.080
3.082
3.034
3.122
3.107
3.105
3.029
3.056
3.069
3.104
3.073
3.105
3.075
3.081
3.070
3.027
3.057
3.108
3.092
3.094
3.038
3.091
3.093
3.096
3.042
3.601
3.083
3.116
3.095
3.089
3.050
3.092
3.019
3.091
3.099
3.091
3.008
3.085
3.081
3.090
3.051
3.083
3.132
3.073
3.064
3.067
3.066
3.080
3.089
3.089
3.115
3.141
3.085
3.028
3.113
3.117
3.073
3.047
3.042
3.057
3.092
3.089
3.063
3.083
3.079
3.092
3.053
3.099
3.082
3.116
3.022
3.080
3.040
3.085
3.091
3.034
3.074
3.060
3.078
3.248
3.083
3.070
3.098
3.034
3.058
3.080
3.080
3.110
3.087
3.098
3.102
3.075
3.048
3.101
3.093
3.099
3.020
3.055
3.087
3.108
3.078
3.061
3.072
3.092
3.109
3.084
3.113
3.061
3.111
3.041
3.081
3.114
3.083
3.085
3.028
3.095
3.080
3.084
3.081
3.077
3.098
3.113
3.036
3.139
3.134
3.070
3.495
3.090
3.110
3.140
3.177
3.253
3.115
3.149
3.172
3.140
3.092
3.109
3.034
3.138
3.041
3.072
3.083
3.101
3.088
3.104
3.039
3.071
3.072
3.082
3.063
3.039
3.059
3.116
3.089
3.050
3.047
3.108
3.088
3.035
3.059
3.089
3.089
3.087
3.049
3.108
3.076
3.083
3.033
3.128
3.071
3.095
3.063
3.094
3.229
3.120
3.007
3.136
3.084
3.092
3.066
3.062
3.075
3.170
3.073
3.053
3.102
3.083
3.080
3.055
3.105
3.118
3.089
3.058
3.050
3.072
3.101
3.085
3.055
3.053
3.079
3.100
3.054
3.075
3.099
3.105
3.105
3.136
3.051
3.116
3.094
3.052
3.058
3.083
3.084
3.077
3.095
3.081
3.102
3.042
3.070
3.122
3.080
3.055
3.024
3.085
3.091
3.072
3.045
3.051
3.083
3.097
3.109
3.082
3.135
3.104
3.068
3.116
3.123
3.084
3.034
3.109
3.116
3.074
3.084
3.063
3.077
3.135
3.117
3.079
3.121
3.184
3.082
3.046
3.097
3.093
3.073
3.048
3.062
3.091
3.100
3.083
3.030
3.076
3.060
3.096
3.039
3.093
3.111
3.085
3.050
3.138
3.060
3.075
3.080
3.081
3.057
3.067
3.068
3.052
3.046
3.132
3.108
3.050
3.078
3.084
3.089
3.084
3.044
3.088
3.078
3.116
3.027
3.077
3.084
3.072
3.028
3.088
3.115
3.071
3.089
3.030
3.080
3.089
3.082
3.059
3.069
3.084
3.087
3.052
3.055
3.108
3.057
3.057
3.039
3.083
3.085
3.074
3.037
3.095
3.076
3.127
3.041
3.067
3.060
3.084
3.062
3.067
3.059
3.490
3.087
3.034
3.108
3.113
3.098
3.082
3.059
3.105
3.068
3.048
3.057
3.123
3.068
3.100
3.030
3.082
3.081
3.109
3.057
3.095
3.224
3.083
3.050
3.085
3.104
3.144
3.121
3.186
3.111
3.132
3.159
3.150
3.447
3.221
3.069
3.102
3.076
3.147
3.068
3.119
3.115
3.100
3.061
3.078
3.074
3.072
3.119
3.083
3.128
3.095
3.075
3.055
3.086
3.094
3.074
3.027
3.111
3.098
3.076
3.035
3.087
3.085
3.094
3.087
3.057
3.063
3.058
3.091
3.055
3.095
3.133
3.269
3.168
3.117
3.101
3.079
3.073
3.099
3.101
3.159
3.030
3.077
3.104
3.137
3.046
3.114
3.097
3.122
3.068
3.085
3.069
3.103
3.065
3.115
3.061
3.082
3.074
3.037
3.079
3.073
3.823
3.815
3.810
3.810
3.821
3.810
3.821
3.818
3.851
3.833
3.815
3.861
3.831
3.837
3.792
3.872
3.860
3.760
3.790
3.830
3.824
3.837
3.825
3.858
3.834
3.811
3.826
3.821
3.776
3.833
3.798
3.797
3.776
3.850
3.775
3.810
3.843
3.817
3.823
3.799
3.836
3.819
3.772
3.871
3.772
3.846
3.838
3.817
3.822
3.809
3.824
3.787
3.839
3.771
3.807
3.868
3.805
3.844
3.774
3.788
3.788
3.841
3.805
3.881
3.787
3.841
3.809
3.811
3.836
3.834
3.775
3.820
3.799
3.814
3.785
3.874
3.809
3.812
3.835
3.836
3.802
4.186
3.091
3.077
3.068
3.068
3.087
3.099
3.074
3.099
3.049
3.081
3.092
3.108
3.032
3.092
3.085
3.089
3.044
3.077
3.091
3.082
3.056
3.053
3.093
3.113
3.035
3.043
3.082
3.080
3.090
3.097
3.090
3.098
3.083
3.034
3.042
3.066
3.089
3.092
3.075
3.114
3.143
3.215
3.119
3.189
3.108
3.442
3.217
3.109
3.129
3.129
3.130
3.153
3.100
3.099
3.163
3.138
3.105
3.069
3.149
3.047
3.065
3.059
3.122
3.147
3.066
3.073
3.031
3.088
3.057
3.077
3.081
3.091
3.061
3.089
3.032
3.105
3.081
3.099
3.156
3.067
3.107
3.086
3.092
3.072
3.082
3.131
3.058
3.090
3.094
3.125
3.037
3.118
3.089
3.085
3.079
3.068
3.083
3.107
3.089
3.053
3.456
3.106
3.119
3.131
3.188
3.086
3.154
3.117
3.102
3.258
3.237
3.251
3.208
3.277
3.176
3.293
3.218
3.112
3.227
3.243
3.246
3.304
3.259
3.120
3.068
3.149
3.175
3.109
3.087
3.165
3.169
3.121
3.071
3.127
3.074
3.099
2.999
3.082
3.079
3.105
3.081
3.067
3.087
3.088
3.068
3.026
3.073
3.103
3.088
3.046
3.087
3.117
3.105
3.092
3.091
3.095
3.077
3.059
3.079
3.124
3.070
3.091
3.062
3.070
3.100
3.135
3.048
3.122
3.090
3.140
3.047
3.080
3.059
3.082
3.058
3.054
3.082
3.080
3.114
3.021
3.216
3.121
3.109
3.098
3.128
3.180
3.226
3.294
3.282
3.170
3.289
3.432
3.340
3.389
3.277
3.209
3.214
3.311
3.259
3.639
3.125
3.147
3.102
3.112
3.121
3.167
3.064
3.067
3.088
3.119
3.114
3.159
3.008
3.115
3.100
3.102
3.068
3.098
3.091
3.109
3.031
3.366
3.091
3.083
3.043
3.107
3.123
3.095
3.059
3.105
3.087
3.105
3.103
3.071
3.117
3.088
3.042
3.031
3.090
3.128
3.129
3.051
3.093
3.103
3.082
3.051
3.134
3.054
3.086
3.095
3.073
3.075
3.066
3.171
3.065
3.062
3.084
3.095
3.033
3.085
3.082
3.044
3.081
3.112
3.093
3.075
3.096
3.040
3.092
3.093
3.080
3.043
3.081
3.096
3.127
3.092
3.092
3.107
3.127
3.020
3.115
3.090
3.126
3.093
3.035
3.085
3.097
3.098
3.059
3.117
3.094
3.090
3.033
3.117
3.075
3.094
3.041
3.057
3.081
3.043
3.080
3.048
3.057
3.122
3.079
3.084
3.101
3.109
3.088
3.071
3.082
3.074
3.106
3.106
3.065
3.065
3.076
3.093
3.062
3.126
3.124
3.060
3.068
3.124
3.149
3.120
3.095
3.127
3.129
3.111
3.084
3.107
3.083
3.103
3.044
3.131
3.134
3.102
3.059
3.078
3.060
3.089
3.084
3.060
3.098
3.142
3.071
3.053
3.054
3.110
3.104
3.080
3.016
3.128
3.111
3.248
3.035
3.096
3.111
3.086
3.031
3.122
3.248
3.186
3.011
3.151
3.129
3.090
3.069
3.119
3.331
3.138
3.089
3.138
3.165
3.182
3.145
3.164
3.128
3.092
3.106
3.222
3.155
3.130
3.063
3.133
3.135
3.130
3.088
3.129
3.130
3.144
3.077
3.146
3.095
3.118
3.061
3.129
3.116
3.130
3.045
3.477
3.110
3.115
3.042
3.193
3.104
3.092
3.035
3.091
3.101
3.147
3.098
3.051
3.080
3.109
3.107
3.064
3.070
3.101
3.089
3.047
3.110
3.083
3.092
3.031
3.075
3.108
3.114
3.147
3.068
3.084
3.080
3.089
3.063
3.122
3.072
3.195
3.136
3.200
3.181
3.082
3.068
3.134
3.118
3.188
3.130
3.166
3.090
3.130
3.073
3.144
3.116
3.143
3.039
3.118
3.086
3.087
3.128
3.234
3.121
3.084
3.073
3.086
3.083
3.105
3.103
3.092
3.071
3.104
3.087
3.065
3.117
3.092
3.102
3.048
3.083
3.127
3.105
3.042
3.118
3.216
3.136
3.043
3.117
3.129
3.119
3.087
3.151
3.107
3.132
3.123
3.039
3.112
3.080
3.123
3.050
3.099
3.112
3.072
3.082
3.117
3.515
3.121
3.064
3.124
3.091
3.085
3.183
3.102
3.115
3.093
3.036
3.068
3.091
3.145
3.092
3.040
3.099
3.082
3.071
3.114
3.099
3.082
3.085
3.078
3.093
3.117
3.097
3.020
3.078
3.121
3.123
3.095
3.011
3.081
3.054
3.103
3.059
3.088
3.075
3.094
3.075
3.110
3.045
3.109
3.063
3.118
3.081
3.117
3.077
3.064
3.082
3.092
3.068
3.071
3.261
3.123
3.102
3.065
3.096
3.097
3.083
3.059
3.094
3.071
3.069
3.122
3.038
3.123
3.088
3.109
3.021
3.109
3.130
3.150
3.028
3.082
3.077
3.129
3.018
3.125
3.061
3.122
3.088
3.058
3.094
3.079
3.089
3.075
3.061
3.128
3.094
3.083
3.058
3.091
3.108
3.073
3.073
3.085
3.046
3.075
3.041
3.495
3.067
3.073
3.049
3.110
3.059
3.092
3.031
3.069
3.145
3.153
3.037
3.092
3.255
3.107
3.093
3.269
3.072
3.254
3.139
3.156
3.259
3.289
3.155
3.194
3.100
3.098
3.115
3.108
3.072
3.095
3.084
3.091
3.052
3.092
3.012
3.106
3.065
3.094
3.027
3.090
3.068
3.125
3.080
3.069
3.081
3.103
3.036
3.030
3.162
3.099
3.054
3.061
3.056
3.088
3.147
3.038
3.102
3.124
3.094
3.045
3.036
3.104
3.109
3.109
3.023
3.094
3.110
3.104
3.060
3.085
3.095
3.106
3.027
3.095
3.118
3.083
3.096
3.067
3.121
3.089
3.099
3.081
3.081
3.093
3.081
3.046
3.080
3.097
3.099
3.057
3.037
3.105
3.088
3.137
3.065
3.098
3.081
3.105
3.069
3.094
3.480
3.101
3.022
3.072
3.074
3.113
3.040
3.075
3.078
3.061
3.086
3.038
3.094
3.082
3.093
3.067
3.069
3.079
3.097
3.046
3.084
3.121
3.092
3.051
3.072
3.096
3.110
3.067
3.027
3.102
3.095
3.091
3.019
3.083
3.070
3.112
3.056
3.106
3.072
3.116
3.019
3.110
3.065
3.100
3.118
3.073
3.073
3.095
3.067
3.036
3.049
3.102
3.098
3.117
3.083
3.089
3.044
3.092
3.057
3.086
3.074
3.160
3.040
3.106
3.092
3.128
3.049
3.099
3.102
3.070
3.036
3.099
3.062
3.115
3.103
3.039
3.062
3.070
3.091
3.047
3.085
3.172
3.103
3.039
3.056
3.083
3.099
3.085
3.078
3.107
3.104
3.107
3.042
3.086
3.102
3.084
3.008
3.070
3.118
3.083
3.061
3.488
3.055
3.093
3.050
3.082
3.124
3.077
3.070
3.041
3.095
3.093
3.089
3.041
3.120
3.087
3.076
3.074
3.130
3.112
3.107
3.058
3.100
3.103
3.098
3.078
3.096
3.085
3.101
3.122
3.045
3.071
3.135
3.039
3.046
3.106
3.115
3.103
3.028
3.078
3.035
3.085
3.071
3.043
3.147
3.252
3.259
3.125
3.084
3.122
3.157
3.097
3.132
3.088
3.134
3.102
3.114
3.073
3.107
3.097
3.133
3.085
3.086
3.045
3.063
3.106
3.066
3.059
3.078
3.077
3.082
3.090
3.020
3.092
3.080
3.094
3.047
3.080
3.113
3.073
3.048
3.104
3.184
3.096
3.012
3.108
3.083
3.102
3.077
3.066
3.105
3.103
3.092
3.084
3.073
3.090
3.086
3.095
3.086
3.103
3.073
3.058
3.542
3.127
3.127
3.066
3.087
3.094
3.084
3.121
3.122
3.068
3.065
3.120
3.032
3.126
3.085
3.097
3.028
3.111
3.093
3.114
3.061
3.095
3.049
3.126
3.051
3.154
3.062
3.115
3.050
3.072
3.094
3.101
3.083
3.071
3.130
3.142
3.062
3.073
3.052
3.108
3.102
3.073
3.081
3.121
3.113
3.011
3.108
3.086
3.078
3.089
3.024
3.110
3.083
3.075
3.043
3.100
3.073
3.075
3.031
3.102
3.102
3.086
3.001
3.044
3.064
3.102
3.084
3.037
3.092
3.111
3.064
3.026
3.072
3.090
3.070
3.043
3.176
3.087
3.114
3.077
3.108
3.216
3.119
3.129
3.096
3.110
3.120
3.075
3.084
3.108
3.055
3.102
3.040
3.085
3.081
3.090
3.049
3.090
3.095
3.070
3.119
3.552
3.106
3.107
3.108
3.053
3.112
3.107
3.071
3.043
3.077
3.100
3.103
3.050
3.088
3.095
3.132
3.035
3.084
3.070
3.131
3.131
3.050
3.107
3.061
3.118
3.040
3.105
3.062
3.095
3.049
3.083
3.128
3.091
3.071
3.095
3.076
3.073
3.062
3.043
3.083
3.059
3.025
3.066
3.092
3.093
3.087
3.050
3.083
3.104
3.044
3.129
3.110
3.085
3.052
3.133
3.026
3.091
3.188
3.178
3.109
3.115
3.162
3.135
3.092
3.141
3.055
3.099
3.063
3.125
3.073
3.146
3.051
3.094
3.084
3.105
3.056
3.054
3.050
3.079
3.088
3.058
3.118
3.147
3.091
3.067
3.074
3.130
3.109
3.060
3.098
3.105
3.130
3.033
3.095
3.087
3.115
3.044
3.082
3.095
3.087
3.059
3.525
3.076
3.110
3.051
3.092
3.104
3.121
3.017
3.060
3.086
3.112
3.114
3.037
3.095
3.069
3.102
3.067
3.063
3.075
3.098
3.082
3.081
3.213
3.238
3.157
3.209
3.075
3.140
3.149
3.135
3.099
3.143
3.119
3.208
3.108
3.148
3.091
3.185
3.092
3.163
3.138
3.153
3.083
3.136
3.083
3.211
3.090
3.118
3.038
3.105
3.106
3.094
3.026
3.147
3.285
3.068
3.064
3.099
3.098
3.108
3.107
3.067
3.084
3.089
3.098
3.105
3.111
3.098
3.122
3.044
3.110
3.080
3.078
3.097
3.090
3.084
3.093
3.114
3.041
3.096
3.063
3.113
3.160
3.175
3.105
3.134
3.039
3.106
3.060
3.103
3.029
3.075
3.080
3.165
3.193
3.220
3.155
3.116
3.174
3.235
3.194
3.221
3.574
3.222
3.111
3.603
3.385
3.251
3.320
3.147
3.226
3.222
3.317
3.056
3.292
3.136
3.073
3.127
3.052
3.070
3.112
3.112
3.073
3.100
3.071
3.132
3.095
3.096
3.109
3.108
3.146
3.076
3.126
3.112
3.102
3.070
3.097
3.108
3.101
3.039
3.094
3.104
3.113
3.030
3.098
3.143
3.107
3.084
3.138
3.069
3.120
3.104
3.085
3.122
3.117
3.123
3.053
3.074
3.189
3.253
3.041
3.100
3.107
3.077
3.030
3.159
3.086
3.101
3.052
3.097
3.100
3.114
3.028
3.093
3.077
3.078
3.084
3.077
3.108
3.104
3.112
3.155
3.098
3.099
3.069
3.112
3.105
3.086
3.084
3.065
3.092
3.064
3.085
3.110
3.056
3.093
3.092
3.092
3.046
3.085
3.062
3.105
3.032
3.070
3.065
3.130
3.028
3.069
3.062
3.086
3.031
3.115
3.088
3.092
3.091
3.043
3.072
3.114
3.056
3.081
3.096
3.126
3.106
3.045
3.082
3.308
3.092
3.061
3.070
3.128
3.092
3.069
3.067
3.116
3.113
3.132
3.032
3.135
3.098
3.106
3.051
3.099
3.090
3.104
3.020
3.088
3.084
3.106
3.082
3.070
3.107
3.127
3.121
3.058
3.124
3.296
3.087
3.082
3.083
3.098
3.101
3.053
3.093
3.104
3.052
3.019
3.121
3.088
3.095
3.100
3.059
3.092
3.074
3.146
3.068
3.097
3.163
3.101
3.066
3.177
3.260
3.122
4.100
3.639
3.166
3.174
3.143
3.216
3.142
3.149
3.079
3.171
3.318
3.177
3.519
3.182
3.125
3.168
3.106
3.086
3.113
3.541
3.100
3.166
3.082
3.092
3.100
3.094
3.059
3.095
3.088
3.065
3.079
3.104
3.095
3.060
3.049
3.078
3.047
3.094
3.033
3.092
3.084
3.155
3.023
3.182
3.101
3.143
3.045
3.120
3.088
3.148
3.068
3.128
3.110
3.115
3.013
3.104
3.083
3.093
3.063
3.094
3.083
3.130
3.144
3.080
3.152
3.688
3.075
3.115
3.915
3.136
3.162
3.126
3.135
3.172
3.122
3.131
3.137
3.078
3.070
3.123
3.073
3.063
3.189
3.102
3.097
3.043
3.078
3.123
3.110
3.112
3.079
3.108
3.084
3.143
3.092
3.138
3.097
3.111
3.024
3.118
3.119
3.105
3.027
3.130
3.110
3.128
3.044
3.113
3.094
3.144
3.068
3.126
3.101
3.110
3.044
3.090
3.080
3.107
3.131
3.601
3.116
3.113
3.046
3.097
3.135
3.096
3.045
3.094
3.083
3.096
3.110
3.050
3.073
3.112
3.074
3.082
3.086
3.090
3.068
3.077
3.067
3.097
3.086
3.035
3.154
3.092
3.052
3.091
3.062
3.073
3.091
3.094
3.076
3.148
3.095
3.086
3.079
3.098
3.087
3.121
3.050
3.081
3.084
3.111
3.152
3.025
3.090
3.098
3.092
3.061
3.124
3.103
3.100
3.042
3.068
3.106
3.121
3.071
3.099
3.086
3.092
3.129
3.053
3.107
3.099
3.127
3.030
3.068
3.089
3.111
3.076
3.067
3.145
3.082
3.015
3.183
3.105
3.103
3.064
3.107
3.155
3.121
3.117
3.075
3.075
3.076
3.072
3.043
3.075
3.090
3.086
3.063
3.084
3.097
3.079
3.047
3.069
3.093
3.097
3.080
3.499
3.112
3.073
3.078
3.074
3.093
3.091
3.103
3.047
3.086
3.135
3.080
3.027
3.108
3.126
3.065
3.098
3.120
3.061
3.116
3.090
3.051
3.104
3.124
3.168
3.086
3.079
3.242
3.216
3.185
3.108
3.119
3.176
3.112
3.125
3.149
3.134
3.143
3.127
3.110
3.105
3.119
3.102
3.112
3.142
3.154
3.078
3.145
3.116
3.108
3.073
3.177
3.146
3.063
3.083
3.151
3.096
3.071
3.068
3.092
3.085
3.034
3.052
3.125
3.118
3.154
3.022
3.110
3.083
3.102
3.025
3.084
3.088
3.089
3.043
3.079
3.078
3.097
3.128
3.077
3.108
3.096
3.138
3.072
3.098
3.090
3.044
3.070
3.077
3.096
3.080
3.045
3.084
3.075
3.089
3.080
3.048
3.083
3.073
3.063
3.059
3.467
3.071
3.072
3.064
3.041
3.088
3.099
3.063
3.083
3.162
3.095
3.031
3.086
3.053
3.090
3.016
3.042
3.113
3.100
3.087
3.021
3.101
3.089
3.155
3.059
3.144
3.085
3.125
3.067
3.073
3.085
3.103
3.096
3.078
3.081
3.093
3.063
3.038
3.068
3.089
3.092
3.059
3.087
3.106
3.107
3.113
3.145
3.101
3.047
3.058
3.110
3.123
3.097
3.097
3.077
3.097
3.068
3.102
3.056
3.084
3.074
3.106
3.044
3.119
3.110
3.092
3.048
3.088
3.058
3.084
3.062
3.097
3.072
3.063
3.086
3.040
3.146
3.081
3.105
3.037
3.085
3.168
3.079
3.026
3.100
3.086
3.067
3.115
3.057
3.097
3.077
3.079
3.086
3.067
3.161
3.097
3.014
3.088
3.135
3.090
3.122
3.494
3.088
3.139
3.102
3.032
3.132
3.066
3.130
3.081
3.107
3.081
3.100
3.022
3.073
3.106
3.117
3.084
3.084
3.072
3.077
3.055
3.113
3.058
3.108
3.070
3.173
3.112
3.102
3.064
3.074
3.087
3.088
3.115
3.049
3.091
3.113
3.098
3.072
3.068
3.102
3.056
3.087
3.032
3.169
3.099
3.135
3.024
3.073
3.084
3.107
3.181
3.125
3.098
3.083
3.739
3.157
3.118
3.391
3.288
3.118
3.160
3.129
3.177
3.107
3.103
3.101
3.134
3.116
3.059
3.070
3.099
3.118
3.063
3.093
3.090
3.091
3.114
3.077
3.101
3.107
3.070
3.156
3.104
3.112
3.084
3.135
3.051
3.140
3.059
3.089
3.062
3.110
3.110
3.100
3.106
3.082
3.081
3.083
3.106
3.028
3.088
3.497
3.070
3.161
3.059
3.104
3.082
3.105
3.134
3.086
3.106
3.055
3.060
3.103
3.065
3.050
3.072
3.081
3.066
3.049
3.159
3.084
3.101
3.079
3.113
3.100
3.123
3.149
3.071
3.104
3.133
3.100
3.061
3.147
3.090
3.092
3.034
3.104
3.127
3.126
3.039
3.120
3.103
3.092
3.079
3.068
3.152
3.087
3.090
3.061
3.102
3.140
3.080
3.087
3.095
3.094
3.123
3.071
3.120
3.088
3.082
3.017
3.149
3.095
3.093
3.090
3.098
3.113
3.113
3.067
3.105
3.093
3.082
3.131
3.031
3.115
3.076
3.086
3.045
3.080
3.064
3.089
3.153
3.036
3.074
3.078
3.112
3.054
3.124
3.082
3.073
3.047
3.089
3.091
3.081
3.066
3.048
3.112
3.086
3.058
3.008
3.134
3.488
3.028
3.057
3.106
3.068
3.111
3.021
3.127
3.080
3.106
3.092
3.100
3.086
3.096
3.010
3.119
3.083
3.123
3.095
3.065
3.085
3.095
3.063
3.084
3.080
3.129
3.081
3.061
3.125
3.113
3.063
3.258
3.095
3.136
3.085
3.081
3.051
3.097
3.078
3.140
3.067
3.139
3.120
3.095
3.023
3.134
3.114
3.105
3.037
3.098
3.089
3.091
3.139
3.025
3.079
3.090
3.080
3.063
3.114
3.090
3.077
3.127
3.130
3.267
3.226
3.575
3.130
3.223
3.238
3.213
3.111
3.081
3.134
3.126
3.090
3.130
3.054
3.087
3.090
3.106
3.098
3.049
3.115
3.124
3.102
3.094
3.134
3.088
3.061
3.087
3.088
3.127
3.076
3.108
3.083
3.106
3.043
3.080
3.072
3.066
3.459
3.079
3.078
3.088
3.090
3.065
3.109
3.103
3.109
3.035
3.142
3.085
3.065
3.041
3.075
3.142
3.110
3.107
3.068
3.091
3.132
3.088
3.057
3.086
3.111
3.111
3.025
3.089
3.105
3.087
3.097
3.090
3.116
3.091
3.275
3.255
3.251
3.207
3.104
3.127
3.804
3.166
3.150
3.085
3.125
3.086
3.183
3.080
3.133
3.101
3.139
3.069
3.132
3.067
3.072
3.098
3.118
3.037
3.091
3.063
3.123
3.088
3.058
3.075
3.089
3.085
3.023
3.078
3.098
3.084
3.026
3.072
3.053
3.109
3.029
3.109
3.055
3.091
3.037
3.035
3.079
3.134
3.083
3.090
3.094
3.071
3.075
3.048
3.087
3.085
3.069
3.098
3.000
3.085
3.065
3.148
3.071
3.127
3.048
3.081
3.056
5.142
6.716
6.692
6.665
6.756
6.653
6.753
6.741
6.770
6.712
6.705
6.661
6.842
6.652
6.787
6.705
6.776
6.706
6.630
6.702
6.733
6.685
6.704
6.726
6.748
6.667
6.736
6.624
6.719
6.673
6.686
6.765
6.748
6.676
6.649
6.683
6.707
6.625
6.782
6.744
6.616
6.750
6.754
6.662
6.699
6.761
6.648
3.079
3.043
3.097
3.095
3.092
3.038
3.105
3.105
3.086
3.082
3.017
3.091
3.080
3.124
3.044
3.067
3.111
3.087
3.043
3.134
3.093
3.082
3.053
3.087
3.090
3.068
3.086
3.103
3.138
3.102
3.067
3.056
3.144
3.066
3.084
3.026
3.079
3.083
3.132
3.109
3.077
3.057
3.095
3.091
3.060
3.124
3.105
3.063
3.065
3.080
3.076
3.087
3.053
3.081
3.077
3.108
3.085
3.048
3.106
3.102
3.078
3.034
3.057
3.091
3.086
3.055
3.107
3.059
3.079
3.065
3.030
3.103
3.073
3.093
3.037
3.107
3.036
3.075
3.049
3.115
3.096
3.092
3.056
3.095
3.065
3.120
3.023
3.059
3.131
3.128
3.083
3.109
3.125
3.156
3.055
3.129
3.155
3.148
3.076
3.081
3.062
3.439
3.054
3.115
3.101
3.313
3.084
3.094
3.124
3.102
3.133
3.128
3.118
3.149
3.094
3.101
3.093
3.117
3.071
3.090
3.020
3.118
3.029
3.127
3.008
3.094
3.102
3.092
3.020
3.089
3.052
3.100
3.084
3.064
3.063
3.083
3.052
3.038
3.055
3.086
3.077
3.065
3.022
3.076
3.055
3.113
3.038
3.059
3.066
3.090
3.046
3.091
3.121
3.096
3.075
3.104
3.110
3.096
3.058
3.077
3.164
3.136
3.071
3.317
3.216
3.085
3.187
3.127
3.188
3.111
3.138
3.091
3.101
3.085
3.114
3.045
3.099
3.071
3.095
3.046
3.103
3.083
3.069
3.083
3.081
3.361
3.101
3.086
3.046
3.079
3.102
3.060
3.032
3.116
3.056
3.094
3.059
3.110
3.087
3.100
3.076
3.048
3.526
3.093
3.086
3.035
3.076
3.090
3.112
3.021
3.065
3.089
3.097
3.060
3.063
3.065
3.075
3.061
3.015
3.095
3.080
3.077
3.028
3.078
3.083
3.080
3.030
3.096
3.052
3.096
3.045
3.046
3.078
3.097
3.085
3.086
3.072
3.100
3.077
3.096
3.101
3.055
3.079
3.075
3.030
3.113
3.071
3.054
3.063
3.068
3.057
3.124
3.072
3.065
3.054
3.101
3.131
3.215
3.062
3.104
3.089
3.028
3.031
3.087
3.069
3.083
3.035
3.073
3.069
3.086
3.013
3.085
3.096
3.075
3.031
3.073
3.058
3.078
3.061
3.059
3.039
3.080
3.070
3.029
3.080
3.097
3.056
3.019
3.068
3.102
3.065
3.075
3.004
3.056
3.077
3.077
3.049
3.093
3.080
3.084
3.067
3.056
3.069
3.060
3.063
3.058
3.114
3.064
3.074
3.084
3.053
3.078
3.122
3.034
3.058
3.077
3.073
3.057
3.086
3.110
3.062
3.067
3.014
3.091
3.125
3.079
3.081
3.022
3.049
3.071
3.067
3.042
3.089
3.101
3.110
3.024
3.044
3.105
3.066
3.131
3.078
3.142
3.061
3.142
3.146
3.196
3.131
3.240
3.249
3.137
3.074
3.165
3.196
3.146
3.063
3.098
3.186
3.120
3.051
3.098
3.117
3.142
3.081
3.085
3.048
3.094
3.087
3.076
3.068
3.160
3.056
3.079
3.009
3.084
3.059
3.082
3.085
3.060
3.049
3.086
3.106
3.062
3.066
3.108
3.053
3.052
3.074
3.115
3.062
3.102
3.094
3.135
3.055
3.079
3.035
3.093
3.056
3.127
3.068
3.075
3.078
3.106
3.058
3.084
3.071
3.530
3.088
3.054
3.079
3.115
3.106
3.075
3.102
3.119
3.046
3.044
3.094
3.087
3.086
3.091
3.032
3.075
3.061
3.065
3.062
3.073
3.100
3.095
3.068
3.079
3.119
3.084
3.071
3.035
3.118
3.079
3.072
3.061
3.097
3.068
3.091
3.049
3.065
3.063
3.092
3.090
3.048
3.105
3.113
3.114
3.051
3.127
3.100
3.065
3.043
3.111
3.078
3.104
3.093
3.070
3.253
3.085
3.082
3.045
3.082
3.066
3.130
3.058
3.087
3.093
3.093
3.018
3.071
3.100
3.087
3.083
3.060
3.053
3.055
3.076
3.004
3.086
3.069
3.096
3.001
3.079
3.085
3.064
3.108
3.002
3.078
3.100
3.100
3.023
3.047
3.085
3.079
3.085
3.106
3.084
3.073
3.092
3.042
3.066
3.085
3.109
3.518
3.126
3.083
3.105
2.991
3.085
3.063
3.075
3.008
3.121
3.084
3.071
3.056
3.056
3.056
3.089
3.042
3.048
3.096
3.092
3.063
3.093
3.031
3.106
3.062
3.124
3.028
3.094
3.064
3.088
3.022
3.078
3.058
3.088
3.066
3.023
3.065
3.055
3.059
3.045
3.050
3.066
3.086
3.061
3.005
3.076
3.067
3.088
3.034
3.087
3.078
3.059
3.032
3.055
3.094
3.094
3.083
3.048
3.073
3.077
3.044
3.045
3.072
3.030
3.261
3.276
3.201
3.124
3.046
3.096
3.165
3.128
3.073
3.135
3.072
3.120
3.056
3.093
3.034
3.077
3.046
3.119
3.038
3.091
3.102
3.077
3.088
3.077
3.141
3.098
3.086
3.022
3.109
3.074
3.063
3.024
3.079
3.079
3.077
3.088
3.028
3.083
3.481
3.073
3.035
3.043
3.096
3.099
3.026
3.098
3.116
3.049
3.030
3.135
3.078
3.065
3.062
3.098
3.064
3.105
3.087
3.080
3.076
3.093
3.062
3.079
3.049
3.064
3.050
3.108
3.045
3.085
3.103
3.114
2.997
3.128
3.075
3.102
3.071
3.035
3.071
3.089
3.057
3.041
3.085
3.084
3.076
3.071
3.055
3.094
3.077
3.096
3.022
3.083
3.078
3.073
3.088
3.243
3.095
3.090
3.032
3.095
3.083
3.082
3.120
3.100
3.051
3.074
3.085
3.011
3.077
3.082
3.045
3.056
3.067
3.083
3.091
3.089
3.103
3.082
3.077
3.084
3.041
3.072
3.052
3.079
3.058
3.090
3.066
3.090
3.075
3.029
3.076
3.068
3.086
3.001
3.073
3.054
3.095
3.086
3.058
3.097
3.098
3.098
3.040
3.074
3.058
3.088
3.033
3.060
3.063
3.098
3.031
3.092
3.070
3.081
3.088
3.065
3.104
3.081
3.083
3.040
3.099
3.124
3.068
3.042
3.066
3.066
3.063
3.077
3.034
3.148
3.069
3.062
3.011
3.085
3.053
3.114
3.095
3.076
3.058
3.073
3.089
3.029
3.058
3.083
3.093
3.049
3.062
3.097
3.080
3.073
3.032
3.094
3.089
3.105
3.011
3.091
3.087
3.109
3.017
3.087
3.086
3.098
3.051
3.067
3.055
3.065
3.045
3.071
3.092
3.064
3.077
3.100
3.037
3.091
3.065
3.066
3.056
3.132
3.066
3.080
3.087
3.068
3.085
3.086
3.084
3.022
3.109
3.074
3.069
3.174
3.006
3.116
3.086
3.156
3.064
3.106
3.080
3.089
3.029
3.092
3.072
3.125
3.017
3.084
3.068
3.100
3.057
3.026
3.076
3.092
3.058
3.025
3.106
3.090
3.053
3.034
3.069
3.132
3.059
3.113
2.991
3.082
3.074
3.104
3.037
3.104
3.043
3.057
3.062
3.038
3.075
3.108
3.118
3.029
3.084
3.131
3.107
3.054
3.082
3.117
3.078
3.112
3.107
3.188
3.148
3.107
3.201
3.246
3.134
3.131
3.206
3.220
3.410
3.177
3.136
3.172
3.156
3.179
3.153
3.118
3.083
3.076
3.078
3.109
3.061
3.094
3.087
3.103
3.083
3.036
3.057
3.106
3.098
3.029
3.098
3.115
3.106
3.027
3.149
3.098
3.095
3.123
3.037
3.089
3.085
3.031
3.048
3.072
3.087
3.079
3.095
3.112
3.100
3.099
3.086
3.049
3.096
3.097
3.062
3.076
3.105
3.150
3.093
3.126
3.136
3.095
3.084
3.067
3.076
3.125
3.065
3.048
3.119
3.089
3.198
3.041
3.079
3.154
3.077
3.123
3.197
3.279
3.254
3.265
3.170
3.160
3.175
3.193
3.344
3.314
3.222
3.405
3.235
3.192
3.262
3.314
3.251
3.371
3.254
3.233
3.140
3.167
3.156
3.222
3.064
3.201
3.122
3.189
3.159
3.152
3.073
3.115
3.061
3.059
3.106
3.119
3.030
3.066
3.111
3.090
3.109
3.162
3.096
3.098
3.077
3.041
3.089
3.113
3.076
3.027
3.100
3.107
3.118
3.056
3.081
3.064
3.093
3.067
3.035
3.082
3.065
3.081
3.006
3.208
3.120
3.081
3.018
3.119
3.079
3.085
3.057
3.022
3.112
3.129
3.055
3.055
3.084
3.065
3.093
3.047
3.083
3.083
3.081
3.086
3.066
3.034
3.054
3.050
3.064
3.085
3.086
3.102
3.011
3.069
3.067
3.091
3.020
3.094
3.124
3.125
3.043
3.087
3.087
3.108
3.106
3.055
3.070
3.113
3.076
3.071
3.073
3.134
3.098
3.069
3.062
3.102
3.056
3.079
3.057
3.141
3.087
3.114
3.042
3.098
3.107
3.091
3.066
3.134
3.102
3.075
3.051
3.099
3.056
3.090
3.133
3.084
3.064
3.100
3.052
3.046
3.046
3.107
3.063
3.081
3.076
3.072
3.056
3.123
3.054
3.066
3.071
3.064
3.013
3.060
3.061
3.090
3.048
3.056
3.085
3.111
3.105
3.046
3.067
3.102
3.107
3.062
3.053
3.082
3.055
3.027
3.014
3.072
3.091
3.063
3.091
3.151
3.087
3.092
3.021
3.078
3.676
3.301
3.209
3.363
3.321
3.156
3.122
3.139
3.163
3.099
3.195
3.148
3.146
3.179
3.256
3.250
3.235
3.299
3.432
3.248
3.170
3.146
3.111
3.146
3.128
3.132
3.101
3.192
3.039
3.090
3.068
3.099
3.038
3.107
3.064
3.110
3.028
3.072
3.082
3.084
3.076
3.030
3.050
3.086
3.059
3.014
3.063
3.085
3.105
3.092
3.063
3.112
3.087
3.114
3.029
3.107
3.088
3.130
3.060
3.076
3.113
3.106
3.080
3.133
3.151
3.064
3.089
3.220
3.184
3.191
3.223
3.286
3.157
3.084
3.152
3.151
3.095
3.108
3.060
3.100
3.055
3.074
3.075
3.067
3.099
3.062
3.120
3.078
3.067
3.102
3.098
3.066
3.087
3.109
3.063
3.080
3.039
3.093
3.067
3.100
3.458
3.078
3.065
3.109
3.020
3.078
3.053
3.094
3.058
3.096
3.048
3.092
3.082
3.086
3.086
3.070
3.086
3.031
3.078
3.074
3.117
3.040
3.124
3.076
3.085
3.067
3.112
3.093
3.102
3.105
3.070
3.132
3.060
3.109
3.077
3.084
3.094
3.070
3.052
3.114
3.096
3.086
3.089
3.125
3.117
3.075
3.049
3.055
3.055
3.114
3.079
3.061
3.121
3.164
3.096
3.181
3.054
3.096
3.057
3.097
3.036
3.108
3.049
3.084
3.039
3.091
3.061
3.093
3.031
3.032
3.047
3.078
3.082
3.010
3.063
3.077
3.073
3.058
3.094
3.085
3.060
3.111
3.025
3.067
3.080
3.120
3.060
3.065
3.098
3.073
3.031
3.084
3.056
3.079
3.090
3.029
3.096
3.097
3.072
3.040
3.078
3.106
3.048
3.042
3.064
3.062
3.061
3.076
3.039
3.079
3.050
3.062
3.086
3.057
3.072
3.104
3.095
3.126
3.084
3.058
3.086
3.063
3.086
3.097
3.071
3.048
3.063
3.093
3.048
3.021
3.062
3.081
3.055
3.114
3.022
3.091
3.097
3.060
2.996
3.095
3.072
3.065
3.100
3.013
3.071
3.073
3.061
3.032
3.061
3.108
3.059
3.076
3.036
3.194
3.166
3.095
3.145
3.144
3.080
3.141
3.049
3.145
3.088
3.169
3.046
3.074
3.076
3.110
3.009
3.141
3.034
3.104
3.020
3.088
3.076
3.097
3.081
3.096
3.079
3.065
3.093
3.045
3.068
3.092
3.087
3.059
3.057
3.098
3.122
3.049
3.081
3.120
3.090
3.097
3.047
3.125
3.055
3.041
3.058
3.085
3.065
3.089
3.022
3.485
3.084
3.078
3.029
3.104
3.075
3.050
3.061
3.016
3.053
3.069
3.055
3.028
3.139
3.112
3.100
3.080
3.055
3.078
3.086
3.152
3.042
3.056
3.102
3.133
3.060
3.084
3.078
3.067
3.093
3.049
3.099
3.079
3.101
3.040
3.071
3.082
3.105
3.064
3.052
3.100
3.082
3.086
3.026
3.084
3.098
3.073
3.052
3.097
3.077
3.065
3.030
3.074
3.054
3.151
3.047
3.037
3.088
3.145
3.080
3.059
3.081
3.119
3.079
3.049
3.082
3.074
3.064
3.110
3.016
3.115
3.046
3.083
3.058
3.089
3.082
3.081
3.050
3.069
3.076
3.080
3.085
3.050
3.064
3.099
3.111
3.026
3.058
3.107
3.055
3.042
3.060
3.099
3.080
3.014
3.003
3.115
3.088
3.078
3.020
3.091
3.069
3.105
3.018
3.066
3.061
3.082
3.032
3.077
3.084
3.093
3.052
3.063
3.074
3.076
3.065
3.053
3.067
3.109
3.084
3.010
3.132
3.092
3.061
3.060
3.038
3.068
3.080
3.091
3.029
3.064
3.131
3.095
3.019
3.074
3.040
3.106
3.085
3.051
3.059
3.081
3.088
3.035
3.084
3.060
3.083
3.049
3.020
3.081
3.079
3.089
3.026
3.064
3.109
3.086
3.030
3.092
3.061
3.066
3.075
3.025
3.049
3.041
3.120
3.038
3.081
3.077
3.106
3.073
3.030
3.066
3.080
3.128
3.100
3.083
3.083
3.074
3.074
3.137
3.154
3.111
3.076
3.094
3.132
3.094
3.133
3.112
3.145
3.097
3.130
3.081
3.119
3.099
3.068
3.037
3.034
3.076
3.107
3.052
3.074
3.093
3.054
3.085
3.509
3.071
3.091
3.065
3.070
3.092
3.076
3.091
3.035
3.125
3.080
3.095
3.006
3.096
3.065
3.097
3.059
3.038
3.050
3.106
3.087
3.060
3.083
3.107
3.058
3.015
3.067
3.068
3.080
3.104
3.055
3.075
3.074
3.115
3.019
3.088
3.066
3.103
3.016
3.094
3.062
3.074
3.036
3.031
3.067
3.099
3.075
3.060
3.103
3.057
3.088
3.050
3.022
3.084
3.076
3.062
3.055
3.079
3.073
3.086
3.029
3.077
3.138
3.112
3.075
3.037
3.081
3.064
3.114
3.057
3.097
3.105
3.070
3.050
3.077
3.104
3.051
3.076
3.066
3.075
3.088
3.053
3.034
3.058
3.072
3.085
3.055
3.082
3.065
3.070
3.115
3.069
3.074
3.100
3.096
3.047
3.078
3.102
3.068
3.060
3.049
3.068
3.163
3.066
3.055
3.084
3.085
3.070
3.028
3.080
3.075
3.097
3.073
3.091
3.099
3.123
3.037
3.089
3.077
3.075
3.064
3.035
3.049
3.096
3.078
3.027
3.037
3.087
3.074
3.131
3.027
3.078
3.075
3.101
3.021
3.082
3.066
3.073
3.021
3.095
3.065
3.137
3.085
3.031
3.132
3.097
3.057
3.079
3.038
3.095
3.090
3.041
3.097
3.087
3.100
3.067
3.020
3.111
3.079
3.077
3.023
3.080
3.099
3.094
3.018
3.097
3.081
3.081
3.066
3.043
3.087
3.066
3.088
3.046
3.078
3.097
3.064
3.038
3.052
3.078
3.044
3.082
3.060
3.072
3.046
3.083
3.086
3.128
3.154
3.165
3.139
3.267
3.145
3.118
3.100
3.091
3.101
3.133
3.078
3.118
3.135
3.119
3.496
3.076
3.090
3.113
3.079
3.055
3.069
3.072
3.130
3.054
3.088
3.083
3.074
3.068
3.154
3.147
3.069
3.062
3.078
3.089
3.108
3.093
2.994
3.058
3.076
3.091
3.049
3.092
3.067
3.105
3.068
3.043
3.067
3.096
3.073
3.096
3.053
3.161
3.060
3.052
3.083
3.129
3.065
3.081
3.008
3.095
3.082
3.123
3.053
3.081
3.076
3.084
3.043
3.068
3.061
3.096
3.288
3.058
3.322
3.141
3.112
3.140
3.126
3.088
3.219
3.079
3.166
3.068
3.080
3.118
3.131
3.106
3.075
3.073
3.133
3.090
3.082
3.075
3.099
3.129
3.108
3.092
3.093
3.135
3.090
3.024
3.109
3.079
3.098
3.092
3.032
3.060
3.103
3.114
3.017
3.090
3.099
3.093
3.013
3.084
3.080
3.076
3.038
3.089
3.084
3.076
3.081
3.036
3.094
3.093
3.070
3.046
3.062
3.080
3.075
3.099
3.052
3.062
3.119
3.073
3.072
3.071
3.075
3.106
3.058
3.072
3.067
3.074
3.065
3.059
3.178
3.059
3.137
3.129
3.178
3.289
3.341
3.264
3.180
3.136
3.095
3.154
3.158
3.070
3.268
3.334
3.314
3.229
3.149
3.169
3.080
3.187
3.192
3.086
3.153
3.096
3.119
3.131
3.194
3.080
3.091
3.068
3.099
3.051
3.078
3.100
3.083
3.025
3.128
3.072
3.045
3.087
3.029
3.143
3.073
3.119
3.030
3.106
3.124
3.099
3.066
3.095
3.116
3.101
3.089
3.056
3.111
3.077
3.095
3.044
3.113
3.094
3.104
3.008
3.075
3.092
3.110
3.554
3.324
3.116
3.083
3.089
3.500
3.090
3.080
3.093
3.108
3.089
3.046
3.099
3.133
3.095
3.065
3.034
3.070
3.108
3.117
3.123
3.147
3.075
3.104
3.060
3.077
3.099
3.079
3.112
3.117
3.134
3.113
3.051
3.039
3.120
3.098
3.144
3.038
3.088
3.073
3.098
3.047
3.081
3.111
3.144
3.095
3.083
3.050
3.097
3.071
3.052
3.069
3.057
3.047
3.046
3.079
3.079
3.062
3.069
3.087
3.202
3.074
3.097
3.048
3.132
3.083
3.094
3.016
3.087
3.055
3.104
3.169
3.117
3.054
3.083
3.073
3.015
3.077
3.111
3.036
3.046
3.100
3.096
3.135
3.084
3.027
3.131
3.081
3.105
3.030
3.120
3.095
3.089
3.040
3.107
3.081
3.070
3.004
3.059
3.074
3.073
3.062
3.034
3.071
3.087
3.064
3.451
3.098
3.068
3.080
3.058
3.076
3.129
3.091
3.055
3.022
3.059
3.097
3.105
3.070
3.244
3.270
3.124
3.169
3.146
3.079
3.088
3.022
3.193
3.085
3.120
3.077
3.106
3.112
3.082
3.088
3.080
3.084
3.094
3.071
3.121
3.140
3.063
3.037
3.074
3.093
3.089
3.092
3.075
3.080
3.126
3.121
3.026
3.150
3.053
3.073
3.092
3.030
3.092
3.113
3.139
3.011
3.073
3.131
3.109
3.059
3.080
3.091
3.080
3.084
